-212.132187 -170.724701
-219.575867 -174.308014
-221.487564 -168.739853
-224.055817 -164.874130
-227.582993 -161.271774
-229.851715 -158.180283
-232.454529 -154.757935
-235.320267 -150.487381
-236.382187 -144.951904
-235.697922 -141.439316
-233.736862 -134.706741
-234.125046 -130.940948
-236.845505 -126.152527
-238.481888 -123.944427
-236.545990 -119.576042
-232.069305 -113.606537
-228.805847 -108.788185
-227.849152 -108.044601
-225.039856 -108.436882
-219.573273 -108.372612
-211.936615 -106.450531
-206.958893 -104.652596
-204.340271 -103.863876
-201.824448 -104.663948
-199.529709 -105.575943
-197.712006 -107.118271
-195.485870 -109.064819
-187.218979 -114.970619
-182.992020 -118.163139
-182.208664 -119.710556
-181.790161 -122.146416
-181.743256 -124.140862
-182.173767 -126.691780
-183.268036 -129.467651
-186.935760 -134.694336
-189.576645 -138.438339
-190.972336 -140.033676
-193.774612 -141.045029
-197.319366 -141.321335
-200.823090 -142.410065
-204.433731 -144.275055
-209.440033 -147.735413
-213.149338 -152.038895
-215.200668 -155.484436
-215.626389 -158.995667
-215.423965 -162.540771
-214.001495 -166.301392
-213.177231 -168.624405
-212.132187 -170.724701
