-228.113281 -88.516151
-232.207611 -83.562874
-235.982361 -81.367775
-241.335495 -77.487289
-241.828201 -76.283379
-239.345673 -73.960892
-244.513626 -69.333267
-243.504654 -67.026085
-245.535522 -65.157074
-246.256897 -63.529572
-244.047623 -59.599316
-241.353058 -56.495811
-238.299393 -53.703224
-233.076614 -49.865326
-230.496155 -48.976624
-227.225998 -49.250576
-224.189209 -49.832485
-220.944153 -49.977512
-214.871140 -46.118084
-208.684174 -40.069622
-204.652817 -37.513763
-200.189209 -36.093513
-198.328217 -34.840572
-196.735199 -35.647095
-195.250031 -37.431969
-194.847412 -39.340233
-195.969238 -42.168240
-198.014023 -44.115788
-200.260254 -45.134960
-202.430618 -46.437874
-204.839676 -49.130661
-206.912155 -51.464474
-208.649765 -53.799957
-210.260513 -56.522480
-211.126709 -59.763924
-210.758179 -63.346436
-210.919434 -69.837189
-209.331741 -71.725616
-206.970245 -73.411835
-206.900436 -74.906273
-207.972290 -78.043648
-211.366623 -76.841713
-213.862198 -76.210991
-216.814011 -79.261688
-221.081955 -82.769478
-223.335907 -85.334221
-226.386398 -87.482758
-228.113281 -88.516151
