-304.879700 -148.729843
-301.833954 -148.018875
-304.143524 -142.806152
-306.938904 -136.570374
-310.646210 -128.288803
-313.207306 -122.309372
-315.300934 -117.078133
-315.752533 -113.189720
-317.267792 -110.041847
-318.969421 -108.855721
-321.693695 -108.076637
-322.376892 -109.162567
-323.494904 -111.846436
-324.467407 -114.242874
-324.433563 -117.076576
-323.845490 -124.331436
-323.012726 -130.675034
-322.452454 -133.847488
-323.721985 -138.019409
-327.922729 -142.512848
-330.340790 -145.862579
-330.890747 -150.230179
-332.319244 -157.378906
-332.724091 -161.507111
-332.885223 -164.916153
-330.970398 -166.174332
-328.636871 -170.124130
-327.211334 -173.204803
-326.122864 -176.427994
-324.797363 -180.276688
-322.149109 -188.502304
-319.732758 -195.093964
-316.460999 -203.514832
-313.567749 -210.781235
-312.580322 -215.012451
-312.062378 -217.080154
-308.459564 -216.906067
-293.740479 -212.321182
-280.459198 -207.104721
-278.771942 -205.816574
-278.089508 -203.802887
-281.153961 -201.962585
-288.852081 -204.757629
-296.983643 -207.790619
-304.729340 -210.489380
-307.756317 -210.762405
-309.139679 -208.882462
-311.371857 -203.876602
-314.589844 -194.303345
-319.988281 -179.004089
-321.914978 -170.541931
-321.277679 -167.951706
-317.430176 -166.866348
-312.770813 -166.697540
-308.494446 -166.286697
-303.445374 -165.015244
-304.453217 -160.693726
-310.904907 -161.464401
-317.879852 -161.091370
-322.112244 -159.225967
-323.756805 -156.174774
-324.985260 -152.895126
-324.226990 -148.795471
-322.047638 -146.316650
-319.307861 -142.411362
-317.646027 -142.004730
-313.770691 -141.516937
-310.634430 -141.302094
-308.242767 -142.466690
-306.826660 -145.101807
-305.636261 -146.767563
-304.879700 -148.729843
