-64.855591 -81.990761
-72.645088 -83.064713
-72.357140 -84.706924
-71.742912 -87.424393
-71.012810 -92.119888
-69.935570 -95.577019
-69.138504 -99.530190
-69.444366 -101.934265
-70.810783 -104.237663
-72.600647 -106.649170
-74.431496 -107.930267
-76.227890 -109.034538
-76.098404 -113.733017
-73.695023 -113.897652
-71.784859 -114.347420
-69.734962 -114.478493
-67.865425 -113.868507
-66.410881 -115.062569
-65.302910 -117.600914
-64.547005 -120.388344
-64.316292 -124.132362
-64.759003 -127.455772
-65.664177 -130.145508
-66.817558 -132.659836
-68.324394 -134.936371
-69.779823 -137.413864
-71.290138 -139.659027
-72.515823 -141.544678
-74.166489 -144.363358
-75.993851 -146.742996
-77.802559 -146.566589
-79.744522 -145.819168
-81.563087 -145.525421
-83.196007 -146.018143
-85.161598 -146.603378
-86.160065 -146.790085
-86.580559 -147.488739
-86.818138 -148.428757
-85.784843 -149.150421
-84.929924 -150.539261
-84.771538 -151.931564
-84.613754 -153.202744
-83.610291 -154.015411
-82.002960 -154.461655
-81.060822 -155.123215
-80.951424 -155.770935
-81.375099 -157.260422
-82.033195 -159.289993
-82.796257 -161.880554
-83.175964 -163.542282
-83.940002 -165.938828
-84.765488 -168.982361
-85.443520 -171.335373
-86.114883 -175.024796
-86.765488 -178.563248
-87.387451 -183.041656
-87.832703 -186.373535
-88.051918 -188.722717
-88.581985 -191.749420
-88.728088 -194.640076
-88.927162 -197.638031
-88.911644 -200.741943
-88.952850 -203.203873
-89.528145 -205.882599
-89.680664 -207.488876
-91.502075 -207.123367
-94.076981 -205.905350
-96.273003 -205.541718
-98.409882 -206.301636
-99.583748 -207.003235
-98.876808 -209.247406
-97.951256 -212.400284
-97.724075 -215.021484
-97.763947 -217.751053
-98.170387 -222.088028
-98.691093 -224.980560
-99.004433 -226.534119
-99.745888 -228.089813
-97.335274 -228.559418
-94.980049 -228.654678
-93.644562 -228.166351
-92.036148 -228.746994
-91.497513 -229.440018
-91.738602 -231.741562
-91.926163 -235.041580
-92.050644 -237.354950
-92.469490 -242.016571
-92.619766 -245.962738
-93.007477 -250.046005
-93.362549 -253.857025
-93.508476 -258.687439
-93.590103 -262.769196
-93.632362 -267.426147
-93.560097 -269.733673
-94.012062 -272.740906
-93.696594 -275.068634
-93.839134 -276.942932
-93.925468 -279.930969
-93.585243 -283.030121
-93.648209 -286.582825
-93.187828 -289.850311
-92.888863 -293.158722
-92.061546 -297.151001
-91.279442 -300.174683
-89.927757 -304.083618
-88.742897 -308.653290
-87.896996 -312.037079
-86.946030 -314.807617
-86.213486 -317.146729
-85.551575 -319.774536
-85.107544 -322.079041
-84.960487 -322.654999
-84.885880 -323.159210
-84.884262 -323.483582
-74.165413 -321.634430
-76.198112 -315.307983
-78.747345 -308.291351
-80.880959 -302.298920
-83.119682 -295.819489
-84.311188 -288.411316
-83.975273 -278.635162
-83.775703 -269.617432
-84.071060 -260.937469
-84.025795 -251.660294
-83.339058 -242.402969
-82.402107 -232.800812
-81.938972 -224.644028
-81.084824 -216.806046
-80.079399 -207.157928
-79.765556 -201.200867
-79.117447 -193.386932
-77.933365 -182.821533
-77.160744 -177.022522
-75.065147 -170.094482
-73.181679 -161.976501
-70.787628 -155.184540
-67.248993 -148.249329
-63.633652 -142.917099
-59.421070 -137.925430
-57.141205 -135.783829
-55.713001 -130.909592
-55.655910 -124.895294
-56.649509 -117.927483
-57.129112 -110.802322
-57.941681 -103.383926
-60.081963 -96.304489
-62.049976 -90.442787
-61.680454 -86.492638
-62.644798 -83.716469
-63.847984 -82.455200
-64.855591 -81.990761
