-363.311340 -165.254410
-360.631989 -165.748123
-358.950867 -165.756531
-356.823303 -164.526337
-354.531372 -162.456375
-353.557953 -159.899506
-352.342743 -157.023621
-352.166840 -153.862350
-353.510040 -150.333328
-355.901398 -148.279984
-358.368011 -145.265610
-360.872375 -141.810745
-364.630219 -140.871323
-368.512573 -140.811890
-371.925415 -142.916260
-373.976135 -144.787292
-376.151581 -147.578308
-377.487061 -150.493622
-378.057068 -152.411926
-377.703430 -153.734589
-377.072815 -155.699081
-375.565033 -158.348419
-374.176331 -160.797028
-372.266479 -163.088120
-371.071075 -164.174835
-369.355957 -165.384232
-367.362061 -166.875214
-365.440186 -166.764740
-364.354889 -165.849533
-363.311340 -165.254410
