-208.150406 -21.738817
-210.286133 -18.349504
-214.155212 -21.135241
-217.265976 -23.611444
-220.717194 -26.180513
-223.704117 -27.991240
-227.557800 -30.034105
-231.844788 -31.813864
-237.957947 -33.918633
-241.734161 -34.831726
-245.061615 -35.218632
-249.704529 -35.450783
-253.728363 -35.435307
-259.268921 -35.342445
-265.026123 -34.909115
-270.365631 -34.290070
-273.878784 -33.547207
-276.525208 -32.463867
-280.734924 -30.730528
-283.644592 -30.034092
-285.656494 -30.126951
-287.173187 -31.071005
-287.916046 -33.191261
-288.615723 -35.738293
-288.929901 -37.339943
-286.181915 -37.873829
-284.674469 -36.005241
-282.633148 -34.968880
-279.838135 -35.298630
-275.819397 -36.760643
-271.431122 -38.078526
-267.561584 -38.499123
-264.140747 -38.583248
-260.131012 -38.765507
-255.434296 -38.905693
-252.083511 -39.003834
-246.924210 -39.127018
-242.455322 -38.738964
-236.246490 -37.149189
-231.214310 -35.797256
-225.726135 -33.647312
-223.748627 -32.648594
-221.762772 -31.021990
-219.517426 -28.696838
-217.611389 -27.130110
-214.976868 -25.852768
-211.993073 -24.345903
-209.767715 -22.819088
-209.188919 -22.340088
-208.150406 -21.738817
