-77.056206 -78.645538
-78.507675 -64.872833
-83.911949 -67.213921
-88.159531 -68.827644
-93.558090 -70.159019
-98.021690 -71.212463
-103.776367 -71.931053
-109.064194 -71.972549
-114.892578 -71.353439
-120.954475 -70.220734
-126.384781 -69.761490
-133.833389 -68.662834
-138.307556 -68.977379
-140.889587 -69.159798
-144.254974 -68.505363
-148.764328 -67.635117
-153.862030 -66.714745
-159.279633 -64.886261
-162.365021 -63.058662
-164.681259 -60.230606
-168.308655 -55.814026
-179.397308 -42.092682
-189.129379 -29.753260
-204.694138 -9.731435
-210.670166 -13.455828
-212.009949 -15.637663
-208.064911 -21.792311
-206.182617 -22.535112
-204.326324 -23.910158
-203.661713 -25.262287
-202.607513 -26.385241
-201.484558 -28.126965
-199.811584 -30.304119
-198.161530 -32.435436
-196.901077 -34.039658
-194.746826 -36.652241
-192.592590 -39.425251
-190.163330 -42.587852
-187.848679 -45.590034
-185.396576 -48.454720
-182.715240 -52.052753
-179.254776 -56.682083
-176.373703 -60.026398
-171.380981 -65.530670
-168.516281 -68.211197
-165.651611 -70.216469
-162.643692 -71.853432
-157.467545 -73.754951
-153.612656 -74.577087
-147.839447 -75.454033
-142.431625 -76.111740
-137.629990 -76.827477
-133.290955 -77.398407
-124.710754 -78.474976
-119.866043 -79.143776
-113.797935 -79.584175
-106.065956 -79.682045
-98.480812 -79.062187
-93.799240 -78.295547
-86.850281 -76.696938
-84.746010 -76.387039
-82.527557 -76.941650
-80.635345 -77.431015
-78.677887 -78.001938
-77.056206 -78.645538
