-286.178070 -37.891769
-288.938751 -37.334991
-289.495514 -40.130478
-290.769257 -43.892403
-291.072266 -45.895966
-290.651764 -48.360870
-289.510101 -50.432209
-287.956512 -52.115185
-284.037384 -55.022125
-281.589447 -56.552097
-278.223511 -58.682289
-274.080841 -61.059624
-270.655975 -63.119202
-266.913422 -65.414146
-264.465454 -66.932358
-262.652924 -68.332878
-261.158325 -69.721626
-259.369446 -71.757698
-258.204254 -73.428894
-256.662506 -75.865082
-255.485611 -78.183571
-253.190659 -73.181747
-252.249130 -71.228088
-251.284073 -68.309380
-255.732834 -65.661346
-263.241425 -60.730133
-269.008240 -57.152351
-274.939758 -53.621662
-279.294434 -50.950104
-282.496948 -49.111015
-284.837646 -46.627254
-285.422791 -43.792389
-285.799866 -41.607731
-286.033905 -39.410049
-286.178070 -37.891769
