-265.386047 -214.072266
-271.054504 -205.460861
-273.265015 -206.677475
-273.255768 -207.664459
-273.019867 -208.618195
-273.535400 -209.800781
-274.143616 -210.505600
-275.551849 -210.782516
-277.530762 -211.383438
-280.288177 -212.163513
-282.583893 -213.838776
-291.441315 -218.984268
-298.183929 -223.802460
-306.923859 -228.690643
-312.152802 -231.911545
-316.247192 -232.105530
-322.935638 -231.959991
-330.355286 -231.068375
-336.248535 -231.374222
-338.898132 -230.538284
-339.313568 -229.093414
-341.006287 -225.271973
-342.865509 -219.532700
-344.389130 -215.804840
-346.396484 -208.677689
-349.132263 -202.537811
-351.288147 -195.913361
-354.907227 -187.283722
-357.117065 -180.064163
-357.658966 -175.008377
-356.535187 -172.050171
-354.408936 -168.360367
-348.073334 -164.589493
-346.241241 -161.971375
-345.653412 -158.866119
-345.847839 -154.262451
-348.337494 -149.473938
-350.597656 -148.392166
-353.212799 -145.697586
-355.721130 -142.269638
-358.633270 -139.618622
-363.468658 -137.930496
-368.045441 -136.996185
-370.058105 -137.298843
-373.253601 -138.870132
-376.260254 -141.098175
-380.232391 -145.117966
-381.822693 -147.064255
-382.497620 -149.575516
-382.405975 -152.192612
-380.981415 -155.923752
-376.876190 -161.385376
-374.495911 -164.950470
-373.409485 -167.565750
-373.830994 -169.736450
-376.679749 -174.579285
-380.316254 -180.610504
-384.211700 -184.926132
-389.079529 -188.944092
-387.810516 -192.979370
-382.509918 -190.903183
-381.396973 -191.428070
-379.894775 -193.597763
-374.366913 -191.380936
-370.160858 -191.200485
-367.553162 -192.734436
-365.211304 -195.206451
-363.066925 -197.718506
-361.932068 -200.763428
-361.500397 -202.672089
-359.380341 -204.488449
-357.257721 -206.371017
-355.714264 -208.771439
-354.308075 -212.934601
-352.987183 -217.498734
-353.478424 -219.572372
-355.347137 -222.092270
-355.647736 -223.927063
-353.271454 -226.430984
-352.033752 -229.571899
-351.653870 -232.842285
-349.959991 -236.696838
-347.822052 -239.972000
-344.447906 -243.502304
-340.337219 -244.386597
-328.433838 -244.227371
-321.373230 -244.196381
-317.516144 -241.828979
-313.435852 -241.219559
-309.397430 -242.333618
-307.317596 -244.034592
-303.701935 -243.555344
-302.914337 -238.520691
-300.676514 -235.150665
-293.328064 -230.645966
-282.936523 -225.056747
-274.268219 -219.861374
-268.388428 -215.954437
-265.386047 -214.072266
