-209.738281 -171.484787
-206.210892 -177.029785
-203.131073 -174.104141
-199.562775 -173.091644
-195.692413 -173.551193
-193.058701 -177.185059
-191.346664 -180.676178
-189.118912 -184.164703
-186.122711 -186.617920
-182.504501 -188.220734
-179.291595 -189.825531
-173.833160 -191.087601
-168.716156 -190.398926
-165.042511 -188.354416
-160.785233 -185.164978
-157.416641 -181.059082
-156.294922 -177.001221
-155.581451 -172.319122
-155.530426 -167.787704
-155.919098 -163.737396
-158.078171 -159.253922
-162.257416 -155.959351
-167.390030 -153.553711
-174.280899 -153.146103
-178.664337 -153.204849
-184.145248 -154.816315
-188.181931 -157.930954
-191.960190 -161.154816
-193.276047 -163.224365
-197.278275 -165.859909
-204.813202 -169.249969
-209.738281 -171.484787
