-210.713043 -135.307312
-209.995575 -133.609848
-215.870285 -129.864288
-216.357391 -129.237564
-217.707367 -120.581329
-217.710281 -120.000587
-208.723022 -107.420952
-207.901520 -107.174858
-206.496841 -107.409821
-202.079559 -110.049545
-201.058655 -110.963974
-201.439774 -112.175789
-198.818909 -113.662979
-196.749771 -111.281204
-192.137451 -114.210327
-191.748596 -114.547165
-192.418640 -116.050804
-192.658920 -116.390778
-190.862244 -117.591713
-190.666962 -117.929512
-191.049530 -118.850960
-189.206146 -119.712875
-184.055679 -123.800835
-184.052048 -124.526764
-184.675629 -125.642998
-187.896042 -130.063171
-190.394455 -133.705414
-193.278061 -137.736740
-193.904770 -138.223801
-201.594315 -139.326965
-202.224182 -139.184937
-206.690338 -136.448654
-207.606461 -137.130798
-209.062195 -136.363724
-210.713043 -135.307312
