-205.585815 -188.663132
-201.650162 -183.892059
-204.743912 -181.990295
-205.874954 -180.849777
-206.171600 -179.871811
-206.279129 -179.205475
-206.054901 -178.204071
-205.932053 -177.765823
-206.227448 -177.037918
-209.714767 -171.449493
-210.695648 -171.162643
-211.655914 -170.834015
-212.115417 -170.627914
-219.620209 -174.270676
-220.134720 -175.565292
-220.713531 -176.505966
-221.521347 -177.489471
-222.538177 -178.348969
-223.515213 -178.833160
-219.808563 -186.608749
-217.897110 -185.453018
-216.544357 -185.091980
-215.314743 -185.106674
-213.290878 -185.596695
-211.642517 -186.005249
-209.471817 -186.682098
-207.947037 -187.383011
-206.609802 -188.084869
-205.585815 -188.663132
