-269.247955 -142.871399
-274.069244 -140.296585
-278.061340 -141.831680
-283.062256 -143.425598
-288.999878 -145.158936
-294.459076 -146.712784
-299.958130 -148.645401
-301.073853 -148.625488
-301.850891 -148.027771
-304.858582 -148.765442
-303.904236 -151.487991
-303.399017 -153.817612
-303.370972 -156.371765
-303.679688 -158.869781
-304.353180 -160.693985
-303.426941 -165.072525
-297.925873 -163.107880
-295.259430 -162.574600
-293.435059 -162.743011
-291.329926 -163.809372
-290.235291 -164.819809
-289.533600 -166.195129
-287.849670 -171.135010
-286.614685 -174.727661
-284.986755 -179.106094
-282.909760 -185.028305
-281.478363 -189.547058
-279.837158 -194.556564
-277.899719 -200.289856
-277.741547 -201.990067
-277.978790 -203.887985
-275.210388 -204.599731
-273.272949 -206.695343
-268.923553 -204.283401
-271.493744 -199.499008
-272.245087 -192.974945
-271.098450 -186.846237
-270.030884 -182.536377
-270.012360 -179.071167
-271.601044 -175.046570
-273.613434 -169.221436
-275.272919 -163.219818
-276.685150 -158.418579
-274.425629 -153.617279
-272.272125 -149.133713
-271.777893 -147.933395
-274.990509 -146.203522
-272.554565 -142.637863
-270.224548 -143.944092
-269.247955 -142.871399
