-89.570717 -333.729980
-88.166092 -329.307800
-95.229645 -324.060272
-100.512123 -320.269348
-104.924667 -316.936646
-110.208939 -312.779327
-112.725258 -310.806030
-116.098419 -307.121216
-118.350372 -304.028259
-120.892960 -300.647705
-124.058334 -296.113251
-128.152313 -290.947479
-132.437027 -286.187225
-137.916901 -281.471649
-143.589844 -276.718414
-149.165146 -272.215240
-153.715714 -268.304718
-157.494431 -264.486877
-160.668106 -259.253326
-162.602280 -255.233322
-165.118057 -249.067200
-167.337891 -241.657166
-169.212662 -236.058884
-171.337982 -227.405899
-173.149811 -221.001160
-174.969772 -212.984665
-175.489410 -209.763733
-174.890015 -208.753326
-175.372208 -206.337982
-176.425262 -203.925415
-181.118515 -198.811142
-185.534988 -195.307251
-190.825623 -191.606354
-197.161667 -187.003891
-201.609589 -183.936752
-205.581818 -188.691391
-202.416519 -190.421814
-198.303375 -193.692123
-193.448669 -197.529541
-188.897522 -201.099838
-186.807053 -202.768478
-184.976669 -206.184479
-183.910934 -211.115524
-183.290054 -214.403259
-181.797806 -217.350830
-180.743195 -220.065536
-179.267731 -226.371185
-177.736694 -230.359558
-176.236206 -234.952499
-175.018021 -236.793488
-173.855515 -240.951584
-172.252029 -245.980591
-170.614883 -251.042969
-168.339294 -256.169342
-166.098053 -261.161560
-164.031937 -264.710693
-160.944504 -268.635040
-158.503311 -271.171356
-153.114914 -275.491821
-146.250656 -281.154266
-141.885529 -284.700317
-138.693558 -287.472687
-136.372528 -289.949799
-132.663391 -294.218750
-126.147247 -302.221405
-122.887276 -306.612610
-121.347885 -308.673676
-120.437347 -310.887878
-120.360901 -314.185547
-114.310829 -318.922363
-107.421860 -323.535126
-98.033798 -330.264099
-93.222092 -333.178467
-91.876381 -332.482147
-90.915482 -332.777161
-90.073303 -333.312622
-89.570717 -333.729980
