0.849016 5.271169
-5.889537 0.398248
-10.567544 -3.917770
-14.883558 -7.649035
-20.146317 -12.716875
-22.707626 -15.040867
-27.397474 -19.928478
-32.454594 -25.268122
-36.635902 -31.172808
-43.896687 -40.213482
-50.455162 -47.300545
-58.280674 -53.721478
-63.211029 -56.616631
-59.771248 -65.416748
-51.745083 -60.429058
-46.327419 -55.785347
-39.046539 -48.475807
-32.089943 -40.558495
-26.628445 -33.337433
-20.469770 -25.985968
-16.225193 -21.632084
-13.000777 -18.972395
-8.628685 -15.019296
-5.474724 -12.474274
-2.715446 -10.658960
-1.524600 -11.109157
0.479509 -11.486744
3.384010 -10.876798
12.141087 -3.383179
0.849016 5.271169