-271.091797 -205.463516
-268.921234 -204.225204
-267.811462 -204.832077
-267.085724 -205.009613
-266.119141 -205.215607
-265.271515 -205.185928
-264.584259 -204.792831
-263.992950 -204.292435
-263.543152 -203.257996
-262.352814 -202.108795
-260.987305 -201.568756
-258.215302 -199.902695
-255.656219 -198.305618
-251.556961 -195.885498
-248.628082 -194.306244
-242.666824 -190.590393
-239.814453 -188.583115
-235.647293 -186.345215
-230.712402 -183.188278
-227.268707 -181.375641
-225.160843 -180.071259
-223.577499 -178.723694
-223.493347 -178.793320
-219.867386 -186.626617
-224.706161 -189.486923
-229.997574 -192.384216
-236.646133 -196.139557
-243.205215 -200.139603
-249.876160 -204.199249
-258.125671 -209.186829
-265.338287 -214.070938
-271.091797 -205.463516
