-245.501419 -65.169380
-248.548569 -66.339798
-250.465637 -67.227707
-251.272827 -68.236694
-252.160431 -71.082047
-255.469910 -78.023865
-254.682800 -80.102394
-254.280151 -82.098381
-254.020554 -84.578911
-253.616745 -87.059433
-253.270630 -89.914917
-253.011047 -92.107071
-252.376495 -94.645279
-251.684357 -96.923927
-250.790222 -99.664047
-250.617157 -101.971504
-251.338242 -105.115425
-252.953461 -107.826698
-249.751862 -109.355392
-248.322144 -107.248032
-243.435562 -109.360458
-239.159805 -102.768661
-239.312378 -99.103691
-239.210571 -96.075027
-237.887085 -93.326363
-235.672852 -91.010323
-234.578384 -90.552132
-231.142502 -92.562752
-229.589996 -89.890404
-228.062927 -88.617859
-232.262238 -83.578568
-236.054520 -81.440643
-241.322861 -77.495743
-241.908417 -76.324944
-239.286972 -74.034355
-242.544693 -71.285652
-244.504410 -69.325928
-243.537277 -67.060799
-245.501419 -65.169380
